mão esq
0       0   0  202
1       1   1  213
2       2   2  255
5       5   5  286
3       3   3  295
17     17  17  296
9       9   9  297
13     13  13  299
4       4   4  328
20     20  20  335
18     18  18  337
19     19  19  340
6       6   6  357
14     14  14  360
16     16  16  362
15     15  15  367
10     10  10  372
7       7   7  396
11     11  11  415
8       8   8  427
12     12  12  448
mão dir
    index  id   cy
0       0   0  204
1       1   1  233
2       2   2  260
3       3   3  277
4       4   4  288
17     17  17  298
5       5   5  303
13     13  13  306
9       9   9  307
18     18  18  359
6       6   6  375
14     14  14  385
10     10  10  393
19     19  19  398
7       7   7  424
20     20  20  428
15     15  15  436
11     11  11  448
8       8   8  463
16     16  16  473
12     12  12  490

